mean_noise = 0.005420
std_noise = 0.157448
