mean_noise = -0.000635
std_noise = 0.070844
