mean_noise = -0.008545
std_noise = 0.354140
