mean_noise = -0.000141
std_noise = 0.019996
