mean_noise = -0.000059
std_noise = 0.050331
