mean_noise = -0.000857
std_noise = 0.152710
