mean_noise = 0.049998
std_noise = 0.049958
