mean_noise = 0.199091
std_noise = 0.050286
