mean_noise = -0.000501
std_noise = 0.393302
