mean_noise = -0.199710
std_noise = 0.050219
