mean_noise = -0.000267
std_noise = 0.050321
