mean_noise = -0.050499
std_noise = 0.050285
